gno_out neighbors for train sample 001
n_query_points (surface): 3586
total_neighbors: 16045
min: 2  max: 8  mean: 4.47

query_point_idx  n_neighbors
       0  5
       1  5
       2  3
       3  6
       4  5
       5  5
       6  3
       7  6
       8  4
       9  4
      10  8
      11  4
      12  4
      13  4
      14  8
      15  2
      16  7
      17  6
      18  4
      19  4
      20  4
      21  5
      22  6
      23  5
      24  5
      25  4
      26  7
      27  4
      28  4
      29  5
      30  5
      31  4
      32  6
      33  6
      34  4
      35  4
      36  4
      37  6
      38  6
      39  4
      40  6
      41  6
      42  4
      43  6
      44  4
      45  4
      46  4
      47  6
      48  4
      49  4
      50  4
      51  4
      52  6
      53  4
      54  4
      55  6
      56  4
      57  4
      58  4
      59  5
      60  4
      61  3
      62  5
      63  6
      64  8
      65  6
      66  4
      67  4
      68  4
      69  4
      70  5
      71  4
      72  4
      73  4
      74  4
      75  6
      76  6
      77  8
      78  5
      79  4
      80  6
      81  6
      82  4
      83  4
      84  4
      85  4
      86  4
      87  6
      88  4
      89  4
      90  4
      91  7
      92  4
      93  4
      94  4
      95  4
      96  4
      97  4
      98  4
      99  4
     100  4
     101  4
     102  4
     103  5
     104  6
     105  4
     106  4
     107  4
     108  6
     109  4
     110  5
     111  4
     112  4
     113  4
     114  4
     115  3
     116  4
     117  4
     118  5
     119  4
     120  5
     121  5
     122  4
     123  4
     124  6
     125  6
     126  4
     127  8
     128  4
     129  4
     130  8
     131  4
     132  5
     133  3
     134  4
     135  4
     136  5
     137  4
     138  4
     139  4
     140  6
     141  6
     142  4
     143  4
     144  5
     145  4
     146  6
     147  4
     148  4
     149  8
     150  2
     151  6
     152  4
     153  4
     154  6
     155  4
     156  8
     157  4
     158  6
     159  4
     160  4
     161  4
     162  6
     163  4
     164  4
     165  8
     166  5
     167  4
     168  7
     169  4
     170  6
     171  2
     172  5
     173  4
     174  5
     175  4
     176  4
     177  2
     178  4
     179  4
     180  4
     181  4
     182  4
     183  4
     184  5
     185  4
     186  5
     187  4
     188  4
     189  5
     190  4
     191  6
     192  5
     193  4
     194  4
     195  4
     196  4
     197  6
     198  5
     199  5
     200  6
     201  6
     202  4
     203  4
     204  3
     205  4
     206  4
     207  7
     208  4
     209  4
     210  4
     211  4
     212  8
     213  8
     214  4
     215  4
     216  2
     217  2
     218  4
     219  5
     220  5
     221  4
     222  4
     223  4
     224  7
     225  7
     226  4
     227  5
     228  6
     229  4
     230  4
     231  6
     232  4
     233  4
     234  4
     235  6
     236  4
     237  4
     238  5
     239  4
     240  6
     241  4
     242  4
     243  6
     244  4
     245  4
     246  4
     247  5
     248  2
     249  4
     250  4
     251  3
     252  4
     253  5
     254  4
     255  5
     256  4
     257  4
     258  5
     259  5
     260  6
     261  3
     262  3
     263  3
     264  4
     265  4
     266  5
     267  5
     268  3
     269  4
     270  4
     271  4
     272  5
     273  4
     274  7
     275  3
     276  5
     277  4
     278  4
     279  4
     280  2
     281  4
     282  5
     283  4
     284  6
     285  7
     286  6
     287  6
     288  6
     289  4
     290  4
     291  3
     292  5
     293  4
     294  4
     295  3
     296  6
     297  4
     298  4
     299  4
     300  4
     301  4
     302  5
     303  3
     304  6
     305  4
     306  4
     307  4
     308  8
     309  6
     310  3
     311  6
     312  4
     313  4
     314  4
     315  4
     316  5
     317  4
     318  5
     319  4
     320  5
     321  4
     322  5
     323  4
     324  6
     325  7
     326  4
     327  3
     328  5
     329  4
     330  2
     331  4
     332  6
     333  4
     334  5
     335  4
     336  6
     337  4
     338  4
     339  6
     340  4
     341  4
     342  4
     343  5
     344  5
     345  4
     346  5
     347  5
     348  3
     349  6
     350  5
     351  7
     352  5
     353  8
     354  4
     355  4
     356  4
     357  6
     358  3
     359  4
     360  5
     361  4
     362  4
     363  4
     364  6
     365  4
     366  7
     367  4
     368  5
     369  3
     370  8
     371  8
     372  6
     373  8
     374  4
     375  2
     376  4
     377  4
     378  5
     379  5
     380  3
     381  6
     382  5
     383  7
     384  5
     385  8
     386  4
     387  3
     388  5
     389  4
     390  7
     391  4
     392  4
     393  3
     394  6
     395  4
     396  4
     397  4
     398  5
     399  4
     400  4
     401  4
     402  4
     403  3
     404  3
     405  4
     406  4
     407  3
     408  3
     409  6
     410  4
     411  5
     412  4
     413  4
     414  8
     415  8
     416  4
     417  4
     418  8
     419  4
     420  4
     421  6
     422  4
     423  6
     424  6
     425  4
     426  5
     427  5
     428  4
     429  6
     430  5
     431  4
     432  4
     433  4
     434  6
     435  4
     436  4
     437  4
     438  4
     439  4
     440  4
     441  4
     442  8
     443  4
     444  4
     445  4
     446  5
     447  4
     448  6
     449  4
     450  5
     451  4
     452  6
     453  4
     454  4
     455  4
     456  6
     457  3
     458  4
     459  5
     460  6
     461  4
     462  4
     463  3
     464  4
     465  4
     466  4
     467  3
     468  3
     469  5
     470  7
     471  4
     472  4
     473  4
     474  6
     475  4
     476  5
     477  4
     478  4
     479  4
     480  4
     481  5
     482  5
     483  4
     484  6
     485  4
     486  4
     487  4
     488  4
     489  3
     490  4
     491  3
     492  5
     493  4
     494  4
     495  4
     496  4
     497  4
     498  3
     499  2
     500  4
     501  5
     502  4
     503  3
     504  3
     505  4
     506  4
     507  4
     508  4
     509  5
     510  5
     511  2
     512  6
     513  4
     514  4
     515  4
     516  4
     517  4
     518  5
     519  4
     520  4
     521  6
     522  4
     523  4
     524  3
     525  3
     526  4
     527  4
     528  4
     529  6
     530  3
     531  2
     532  3
     533  4
     534  2
     535  5
     536  4
     537  3
     538  4
     539  4
     540  6
     541  4
     542  4
     543  4
     544  5
     545  2
     546  4
     547  4
     548  4
     549  4
     550  6
     551  4
     552  4
     553  4
     554  2
     555  4
     556  4
     557  5
     558  4
     559  4
     560  4
     561  5
     562  7
     563  6
     564  4
     565  3
     566  4
     567  4
     568  4
     569  4
     570  6
     571  4
     572  2
     573  4
     574  7
     575  6
     576  4
     577  6
     578  4
     579  4
     580  5
     581  5
     582  5
     583  4
     584  5
     585  5
     586  4
     587  4
     588  5
     589  5
     590  5
     591  3
     592  4
     593  4
     594  7
     595  7
     596  6
     597  7
     598  3
     599  4
     600  4
     601  4
     602  8
     603  6
     604  3
     605  4
     606  6
     607  4
     608  2
     609  4
     610  6
     611  8
     612  4
     613  7
     614  6
     615  4
     616  5
     617  5
     618  4
     619  5
     620  4
     621  4
     622  5
     623  4
     624  5
     625  4
     626  5
     627  7
     628  5
     629  5
     630  2
     631  4
     632  7
     633  4
     634  4
     635  4
     636  4
     637  4
     638  6
     639  5
     640  2
     641  3
     642  4
     643  4
     644  3
     645  3
     646  6
     647  6
     648  4
     649  4
     650  4
     651  4
     652  5
     653  4
     654  4
     655  4
     656  3
     657  4
     658  5
     659  7
     660  5
     661  5
     662  4
     663  2
     664  7
     665  4
     666  5
     667  6
     668  2
     669  3
     670  7
     671  5
     672  4
     673  4
     674  3
     675  4
     676  4
     677  6
     678  3
     679  3
     680  4
     681  3
     682  4
     683  4
     684  5
     685  5
     686  4
     687  7
     688  4
     689  3
     690  3
     691  6
     692  6
     693  4
     694  4
     695  3
     696  4
     697  7
     698  4
     699  6
     700  4
     701  4
     702  2
     703  3
     704  3
     705  3
     706  5
     707  5
     708  4
     709  4
     710  5
     711  4
     712  4
     713  5
     714  4
     715  3
     716  3
     717  4
     718  4
     719  4
     720  3
     721  3
     722  4
     723  5
     724  4
     725  6
     726  5
     727  5
     728  3
     729  4
     730  4
     731  4
     732  3
     733  5
     734  4
     735  6
     736  4
     737  5
     738  6
     739  4
     740  4
     741  3
     742  4
     743  4
     744  5
     745  5
     746  4
     747  5
     748  5
     749  4
     750  5
     751  3
     752  4
     753  4
     754  4
     755  2
     756  8
     757  5
     758  3
     759  4
     760  6
     761  4
     762  4
     763  4
     764  6
     765  4
     766  3
     767  7
     768  4
     769  4
     770  4
     771  6
     772  8
     773  2
     774  3
     775  4
     776  4
     777  6
     778  3
     779  5
     780  6
     781  4
     782  5
     783  4
     784  6
     785  4
     786  4
     787  4
     788  4
     789  5
     790  4
     791  6
     792  4
     793  4
     794  4
     795  3
     796  4
     797  5
     798  3
     799  5
     800  4
     801  3
     802  6
     803  5
     804  4
     805  7
     806  4
     807  5
     808  4
     809  4
     810  5
     811  5
     812  4
     813  4
     814  6
     815  8
     816  4
     817  4
     818  4
     819  6
     820  4
     821  4
     822  5
     823  6
     824  4
     825  8
     826  4
     827  6
     828  5
     829  5
     830  3
     831  4
     832  4
     833  4
     834  4
     835  4
     836  4
     837  5
     838  3
     839  6
     840  4
     841  2
     842  6
     843  5
     844  6
     845  7
     846  5
     847  8
     848  5
     849  5
     850  3
     851  4
     852  4
     853  4
     854  3
     855  4
     856  4
     857  4
     858  5
     859  4
     860  4
     861  4
     862  5
     863  4
     864  3
     865  5
     866  3
     867  5
     868  4
     869  4
     870  7
     871  6
     872  6
     873  4
     874  5
     875  6
     876  7
     877  5
     878  4
     879  3
     880  4
     881  4
     882  4
     883  5
     884  5
     885  4
     886  4
     887  4
     888  5
     889  5
     890  4
     891  4
     892  6
     893  6
     894  4
     895  5
     896  7
     897  6
     898  4
     899  5
     900  4
     901  4
     902  3
     903  4
     904  4
     905  5
     906  4
     907  4
     908  4
     909  4
     910  5
     911  4
     912  4
     913  3
     914  4
     915  4
     916  5
     917  4
     918  4
     919  6
     920  6
     921  5
     922  5
     923  3
     924  4
     925  4
     926  8
     927  7
     928  3
     929  4
     930  4
     931  5
     932  4
     933  4
     934  4
     935  4
     936  5
     937  4
     938  4
     939  4
     940  3
     941  4
     942  8
     943  4
     944  8
     945  3
     946  4
     947  4
     948  6
     949  4
     950  4
     951  4
     952  4
     953  4
     954  4
     955  6
     956  4
     957  4
     958  3
     959  3
     960  4
     961  4
     962  3
     963  3
     964  4
     965  3
     966  4
     967  5
     968  4
     969  6
     970  4
     971  4
     972  6
     973  6
     974  4
     975  4
     976  4
     977  4
     978  4
     979  4
     980  2
     981  4
     982  6
     983  6
     984  4
     985  4
     986  4
     987  4
     988  6
     989  3
     990  6
     991  8
     992  6
     993  4
     994  4
     995  6
     996  4
     997  4
     998  3
     999  3
    1000  4
    1001  4
    1002  3
    1003  4
    1004  4
    1005  6
    1006  4
    1007  4
    1008  4
    1009  5
    1010  6
    1011  5
    1012  4
    1013  4
    1014  5
    1015  6
    1016  4
    1017  5
    1018  4
    1019  3
    1020  4
    1021  4
    1022  5
    1023  6
    1024  6
    1025  5
    1026  4
    1027  4
    1028  4
    1029  6
    1030  5
    1031  4
    1032  6
    1033  8
    1034  4
    1035  4
    1036  6
    1037  4
    1038  5
    1039  5
    1040  6
    1041  3
    1042  8
    1043  7
    1044  4
    1045  4
    1046  3
    1047  4
    1048  8
    1049  4
    1050  4
    1051  3
    1052  4
    1053  6
    1054  6
    1055  7
    1056  6
    1057  4
    1058  4
    1059  4
    1060  7
    1061  8
    1062  5
    1063  4
    1064  4
    1065  3
    1066  7
    1067  4
    1068  4
    1069  7
    1070  7
    1071  4
    1072  4
    1073  6
    1074  4
    1075  3
    1076  3
    1077  4
    1078  8
    1079  4
    1080  4
    1081  4
    1082  4
    1083  6
    1084  4
    1085  4
    1086  7
    1087  4
    1088  4
    1089  4
    1090  6
    1091  4
    1092  4
    1093  4
    1094  6
    1095  4
    1096  4
    1097  6
    1098  6
    1099  4
    1100  4
    1101  6
    1102  4
    1103  4
    1104  4
    1105  4
    1106  4
    1107  4
    1108  4
    1109  3
    1110  4
    1111  4
    1112  4
    1113  6
    1114  6
    1115  4
    1116  4
    1117  6
    1118  4
    1119  4
    1120  5
    1121  4
    1122  3
    1123  6
    1124  5
    1125  5
    1126  5
    1127  4
    1128  5
    1129  5
    1130  3
    1131  2
    1132  4
    1133  4
    1134  4
    1135  2
    1136  3
    1137  4
    1138  4
    1139  4
    1140  4
    1141  5
    1142  4
    1143  4
    1144  4
    1145  4
    1146  5
    1147  6
    1148  4
    1149  4
    1150  6
    1151  4
    1152  6
    1153  4
    1154  5
    1155  4
    1156  2
    1157  4
    1158  4
    1159  4
    1160  4
    1161  4
    1162  6
    1163  3
    1164  5
    1165  3
    1166  5
    1167  4
    1168  5
    1169  5
    1170  5
    1171  4
    1172  5
    1173  5
    1174  3
    1175  6
    1176  5
    1177  6
    1178  3
    1179  2
    1180  4
    1181  4
    1182  4
    1183  4
    1184  4
    1185  5
    1186  4
    1187  2
    1188  2
    1189  4
    1190  4
    1191  4
    1192  4
    1193  4
    1194  6
    1195  4
    1196  5
    1197  4
    1198  5
    1199  6
    1200  5
    1201  4
    1202  5
    1203  4
    1204  2
    1205  4
    1206  6
    1207  4
    1208  4
    1209  4
    1210  5
    1211  5
    1212  4
    1213  2
    1214  5
    1215  6
    1216  8
    1217  5
    1218  3
    1219  3
    1220  4
    1221  4
    1222  4
    1223  4
    1224  4
    1225  5
    1226  4
    1227  3
    1228  4
    1229  4
    1230  4
    1231  4
    1232  6
    1233  5
    1234  6
    1235  4
    1236  3
    1237  4
    1238  6
    1239  5
    1240  4
    1241  6
    1242  4
    1243  4
    1244  7
    1245  4
    1246  4
    1247  4
    1248  6
    1249  4
    1250  3
    1251  6
    1252  4
    1253  5
    1254  5
    1255  7
    1256  5
    1257  4
    1258  3
    1259  4
    1260  5
    1261  4
    1262  5
    1263  7
    1264  4
    1265  2
    1266  4
    1267  5
    1268  4
    1269  4
    1270  4
    1271  3
    1272  4
    1273  4
    1274  3
    1275  4
    1276  3
    1277  4
    1278  3
    1279  4
    1280  4
    1281  6
    1282  3
    1283  3
    1284  4
    1285  4
    1286  4
    1287  4
    1288  6
    1289  5
    1290  4
    1291  4
    1292  4
    1293  5
    1294  4
    1295  3
    1296  4
    1297  4
    1298  6
    1299  4
    1300  3
    1301  4
    1302  4
    1303  4
    1304  6
    1305  5
    1306  6
    1307  5
    1308  4
    1309  7
    1310  4
    1311  3
    1312  7
    1313  4
    1314  4
    1315  5
    1316  3
    1317  5
    1318  5
    1319  7
    1320  4
    1321  2
    1322  6
    1323  7
    1324  5
    1325  4
    1326  3
    1327  5
    1328  6
    1329  5
    1330  6
    1331  5
    1332  4
    1333  2
    1334  2
    1335  3
    1336  5
    1337  6
    1338  4
    1339  3
    1340  5
    1341  6
    1342  4
    1343  3
    1344  4
    1345  4
    1346  3
    1347  5
    1348  5
    1349  4
    1350  6
    1351  4
    1352  5
    1353  3
    1354  2
    1355  2
    1356  2
    1357  2
    1358  2
    1359  4
    1360  4
    1361  4
    1362  6
    1363  5
    1364  6
    1365  5
    1366  4
    1367  4
    1368  5
    1369  4
    1370  5
    1371  4
    1372  6
    1373  4
    1374  6
    1375  5
    1376  4
    1377  5
    1378  4
    1379  2
    1380  3
    1381  3
    1382  4
    1383  6
    1384  4
    1385  4
    1386  6
    1387  5
    1388  6
    1389  5
    1390  5
    1391  5
    1392  6
    1393  4
    1394  4
    1395  4
    1396  4
    1397  4
    1398  4
    1399  8
    1400  4
    1401  4
    1402  5
    1403  4
    1404  6
    1405  6
    1406  4
    1407  5
    1408  5
    1409  6
    1410  4
    1411  4
    1412  4
    1413  4
    1414  4
    1415  4
    1416  4
    1417  4
    1418  3
    1419  4
    1420  4
    1421  5
    1422  5
    1423  4
    1424  4
    1425  4
    1426  2
    1427  5
    1428  6
    1429  4
    1430  6
    1431  4
    1432  3
    1433  4
    1434  6
    1435  5
    1436  6
    1437  5
    1438  4
    1439  4
    1440  4
    1441  4
    1442  4
    1443  4
    1444  4
    1445  6
    1446  6
    1447  5
    1448  4
    1449  5
    1450  6
    1451  4
    1452  6
    1453  4
    1454  4
    1455  4
    1456  6
    1457  4
    1458  5
    1459  4
    1460  6
    1461  5
    1462  4
    1463  5
    1464  6
    1465  5
    1466  4
    1467  4
    1468  7
    1469  5
    1470  5
    1471  4
    1472  4
    1473  4
    1474  4
    1475  7
    1476  3
    1477  5
    1478  4
    1479  6
    1480  3
    1481  4
    1482  4
    1483  5
    1484  3
    1485  4
    1486  4
    1487  4
    1488  8
    1489  7
    1490  4
    1491  4
    1492  4
    1493  4
    1494  6
    1495  6
    1496  4
    1497  4
    1498  5
    1499  4
    1500  4
    1501  6
    1502  7
    1503  4
    1504  2
    1505  4
    1506  6
    1507  4
    1508  5
    1509  5
    1510  4
    1511  8
    1512  4
    1513  4
    1514  6
    1515  7
    1516  5
    1517  4
    1518  4
    1519  4
    1520  4
    1521  4
    1522  4
    1523  6
    1524  5
    1525  5
    1526  4
    1527  4
    1528  4
    1529  4
    1530  5
    1531  4
    1532  4
    1533  5
    1534  4
    1535  4
    1536  4
    1537  3
    1538  4
    1539  8
    1540  3
    1541  5
    1542  6
    1543  6
    1544  4
    1545  4
    1546  4
    1547  5
    1548  3
    1549  3
    1550  4
    1551  4
    1552  8
    1553  5
    1554  6
    1555  5
    1556  6
    1557  4
    1558  6
    1559  3
    1560  3
    1561  4
    1562  5
    1563  8
    1564  4
    1565  5
    1566  4
    1567  4
    1568  4
    1569  4
    1570  4
    1571  5
    1572  8
    1573  5
    1574  2
    1575  4
    1576  4
    1577  2
    1578  4
    1579  5
    1580  6
    1581  4
    1582  6
    1583  4
    1584  4
    1585  7
    1586  4
    1587  5
    1588  8
    1589  5
    1590  6
    1591  4
    1592  5
    1593  6
    1594  3
    1595  4
    1596  5
    1597  4
    1598  2
    1599  4
    1600  4
    1601  2
    1602  4
    1603  4
    1604  4
    1605  4
    1606  4
    1607  4
    1608  4
    1609  4
    1610  4
    1611  4
    1612  3
    1613  2
    1614  4
    1615  4
    1616  3
    1617  3
    1618  4
    1619  5
    1620  4
    1621  4
    1622  4
    1623  4
    1624  6
    1625  6
    1626  4
    1627  4
    1628  6
    1629  6
    1630  4
    1631  5
    1632  4
    1633  4
    1634  6
    1635  5
    1636  4
    1637  5
    1638  6
    1639  4
    1640  2
    1641  4
    1642  4
    1643  6
    1644  4
    1645  2
    1646  5
    1647  6
    1648  6
    1649  4
    1650  5
    1651  3
    1652  4
    1653  5
    1654  4
    1655  6
    1656  5
    1657  6
    1658  4
    1659  5
    1660  6
    1661  6
    1662  2
    1663  6
    1664  4
    1665  3
    1666  4
    1667  4
    1668  4
    1669  5
    1670  3
    1671  6
    1672  4
    1673  4
    1674  4
    1675  6
    1676  6
    1677  5
    1678  6
    1679  6
    1680  5
    1681  6
    1682  3
    1683  4
    1684  4
    1685  5
    1686  4
    1687  3
    1688  5
    1689  4
    1690  6
    1691  4
    1692  6
    1693  5
    1694  5
    1695  6
    1696  5
    1697  6
    1698  2
    1699  3
    1700  4
    1701  4
    1702  4
    1703  3
    1704  5
    1705  4
    1706  4
    1707  4
    1708  4
    1709  4
    1710  4
    1711  2
    1712  5
    1713  4
    1714  4
    1715  4
    1716  5
    1717  4
    1718  5
    1719  4
    1720  7
    1721  4
    1722  3
    1723  5
    1724  5
    1725  4
    1726  4
    1727  4
    1728  4
    1729  2
    1730  4
    1731  5
    1732  5
    1733  4
    1734  4
    1735  6
    1736  5
    1737  2
    1738  3
    1739  6
    1740  6
    1741  5
    1742  4
    1743  4
    1744  8
    1745  4
    1746  4
    1747  4
    1748  8
    1749  4
    1750  4
    1751  4
    1752  8
    1753  4
    1754  3
    1755  3
    1756  4
    1757  5
    1758  3
    1759  3
    1760  4
    1761  5
    1762  4
    1763  8
    1764  4
    1765  4
    1766  2
    1767  4
    1768  4
    1769  5
    1770  3
    1771  3
    1772  4
    1773  4
    1774  4
    1775  8
    1776  4
    1777  4
    1778  4
    1779  3
    1780  4
    1781  4
    1782  3
    1783  3
    1784  4
    1785  4
    1786  5
    1787  4
    1788  4
    1789  8
    1790  4
    1791  5
    1792  8
    1793  4
    1794  4
    1795  6
    1796  5
    1797  7
    1798  3
    1799  5
    1800  3
    1801  6
    1802  4
    1803  3
    1804  4
    1805  3
    1806  5
    1807  4
    1808  4
    1809  4
    1810  4
    1811  4
    1812  3
    1813  3
    1814  4
    1815  4
    1816  4
    1817  4
    1818  5
    1819  5
    1820  4
    1821  6
    1822  4
    1823  5
    1824  4
    1825  3
    1826  3
    1827  6
    1828  4
    1829  3
    1830  3
    1831  4
    1832  5
    1833  5
    1834  4
    1835  4
    1836  5
    1837  4
    1838  3
    1839  4
    1840  5
    1841  5
    1842  4
    1843  3
    1844  4
    1845  4
    1846  4
    1847  4
    1848  4
    1849  5
    1850  4
    1851  4
    1852  4
    1853  4
    1854  4
    1855  4
    1856  4
    1857  5
    1858  5
    1859  4
    1860  4
    1861  4
    1862  4
    1863  6
    1864  4
    1865  4
    1866  4
    1867  4
    1868  4
    1869  4
    1870  4
    1871  4
    1872  5
    1873  6
    1874  4
    1875  3
    1876  4
    1877  5
    1878  4
    1879  4
    1880  4
    1881  4
    1882  3
    1883  5
    1884  4
    1885  5
    1886  4
    1887  4
    1888  4
    1889  4
    1890  6
    1891  4
    1892  4
    1893  4
    1894  4
    1895  4
    1896  4
    1897  6
    1898  4
    1899  3
    1900  5
    1901  8
    1902  4
    1903  4
    1904  4
    1905  4
    1906  5
    1907  6
    1908  3
    1909  4
    1910  4
    1911  8
    1912  5
    1913  6
    1914  4
    1915  4
    1916  4
    1917  4
    1918  4
    1919  4
    1920  4
    1921  4
    1922  4
    1923  3
    1924  4
    1925  4
    1926  4
    1927  4
    1928  4
    1929  4
    1930  4
    1931  6
    1932  4
    1933  5
    1934  6
    1935  6
    1936  5
    1937  4
    1938  5
    1939  5
    1940  5
    1941  5
    1942  4
    1943  4
    1944  4
    1945  4
    1946  5
    1947  4
    1948  4
    1949  5
    1950  6
    1951  4
    1952  4
    1953  4
    1954  4
    1955  4
    1956  4
    1957  4
    1958  4
    1959  4
    1960  4
    1961  4
    1962  4
    1963  5
    1964  4
    1965  5
    1966  6
    1967  5
    1968  4
    1969  4
    1970  5
    1971  3
    1972  6
    1973  3
    1974  3
    1975  4
    1976  4
    1977  4
    1978  4
    1979  6
    1980  4
    1981  4
    1982  6
    1983  5
    1984  5
    1985  5
    1986  5
    1987  4
    1988  3
    1989  4
    1990  4
    1991  8
    1992  6
    1993  4
    1994  4
    1995  3
    1996  4
    1997  4
    1998  5
    1999  4
    2000  3
    2001  4
    2002  4
    2003  4
    2004  5
    2005  4
    2006  6
    2007  6
    2008  4
    2009  4
    2010  5
    2011  4
    2012  4
    2013  5
    2014  6
    2015  4
    2016  4
    2017  4
    2018  4
    2019  5
    2020  3
    2021  5
    2022  5
    2023  6
    2024  4
    2025  4
    2026  5
    2027  6
    2028  5
    2029  4
    2030  6
    2031  6
    2032  5
    2033  5
    2034  4
    2035  5
    2036  5
    2037  5
    2038  4
    2039  4
    2040  4
    2041  4
    2042  4
    2043  5
    2044  5
    2045  4
    2046  3
    2047  5
    2048  6
    2049  8
    2050  6
    2051  4
    2052  5
    2053  4
    2054  3
    2055  3
    2056  4
    2057  4
    2058  4
    2059  4
    2060  6
    2061  5
    2062  4
    2063  4
    2064  4
    2065  4
    2066  4
    2067  4
    2068  4
    2069  4
    2070  4
    2071  4
    2072  3
    2073  3
    2074  5
    2075  5
    2076  4
    2077  3
    2078  4
    2079  4
    2080  4
    2081  4
    2082  4
    2083  4
    2084  4
    2085  4
    2086  7
    2087  6
    2088  8
    2089  8
    2090  6
    2091  6
    2092  7
    2093  6
    2094  5
    2095  4
    2096  4
    2097  4
    2098  4
    2099  6
    2100  4
    2101  5
    2102  4
    2103  5
    2104  4
    2105  4
    2106  4
    2107  5
    2108  5
    2109  4
    2110  6
    2111  5
    2112  7
    2113  8
    2114  4
    2115  5
    2116  5
    2117  4
    2118  4
    2119  4
    2120  4
    2121  4
    2122  6
    2123  4
    2124  4
    2125  4
    2126  4
    2127  4
    2128  4
    2129  4
    2130  6
    2131  4
    2132  7
    2133  6
    2134  5
    2135  6
    2136  4
    2137  4
    2138  5
    2139  4
    2140  7
    2141  6
    2142  6
    2143  5
    2144  4
    2145  3
    2146  3
    2147  3
    2148  4
    2149  3
    2150  4
    2151  3
    2152  3
    2153  4
    2154  4
    2155  4
    2156  4
    2157  3
    2158  4
    2159  4
    2160  4
    2161  4
    2162  4
    2163  4
    2164  4
    2165  4
    2166  3
    2167  3
    2168  4
    2169  4
    2170  4
    2171  4
    2172  8
    2173  4
    2174  6
    2175  4
    2176  6
    2177  2
    2178  4
    2179  4
    2180  8
    2181  4
    2182  6
    2183  4
    2184  4
    2185  5
    2186  4
    2187  4
    2188  6
    2189  6
    2190  6
    2191  6
    2192  4
    2193  4
    2194  4
    2195  4
    2196  5
    2197  5
    2198  5
    2199  4
    2200  4
    2201  5
    2202  4
    2203  5
    2204  5
    2205  4
    2206  4
    2207  4
    2208  4
    2209  4
    2210  6
    2211  5
    2212  4
    2213  4
    2214  4
    2215  4
    2216  4
    2217  4
    2218  4
    2219  5
    2220  3
    2221  4
    2222  4
    2223  4
    2224  6
    2225  6
    2226  4
    2227  4
    2228  5
    2229  4
    2230  5
    2231  6
    2232  4
    2233  4
    2234  4
    2235  5
    2236  4
    2237  4
    2238  4
    2239  5
    2240  4
    2241  5
    2242  4
    2243  6
    2244  4
    2245  3
    2246  6
    2247  5
    2248  5
    2249  4
    2250  2
    2251  4
    2252  5
    2253  4
    2254  6
    2255  5
    2256  3
    2257  4
    2258  6
    2259  4
    2260  5
    2261  4
    2262  4
    2263  4
    2264  4
    2265  4
    2266  4
    2267  5
    2268  5
    2269  4
    2270  3
    2271  5
    2272  4
    2273  4
    2274  4
    2275  6
    2276  8
    2277  6
    2278  4
    2279  5
    2280  4
    2281  5
    2282  4
    2283  4
    2284  4
    2285  4
    2286  4
    2287  5
    2288  4
    2289  4
    2290  6
    2291  4
    2292  5
    2293  4
    2294  4
    2295  6
    2296  4
    2297  4
    2298  2
    2299  3
    2300  5
    2301  4
    2302  5
    2303  4
    2304  5
    2305  4
    2306  4
    2307  6
    2308  3
    2309  4
    2310  4
    2311  4
    2312  4
    2313  4
    2314  3
    2315  5
    2316  4
    2317  4
    2318  4
    2319  5
    2320  6
    2321  4
    2322  4
    2323  6
    2324  8
    2325  6
    2326  7
    2327  5
    2328  4
    2329  4
    2330  6
    2331  4
    2332  4
    2333  6
    2334  4
    2335  5
    2336  4
    2337  5
    2338  4
    2339  4
    2340  4
    2341  4
    2342  4
    2343  5
    2344  5
    2345  4
    2346  4
    2347  3
    2348  4
    2349  5
    2350  3
    2351  4
    2352  4
    2353  6
    2354  6
    2355  4
    2356  2
    2357  4
    2358  4
    2359  3
    2360  5
    2361  4
    2362  5
    2363  6
    2364  4
    2365  3
    2366  4
    2367  4
    2368  3
    2369  3
    2370  4
    2371  4
    2372  4
    2373  4
    2374  5
    2375  6
    2376  4
    2377  5
    2378  5
    2379  4
    2380  3
    2381  4
    2382  5
    2383  4
    2384  6
    2385  4
    2386  4
    2387  4
    2388  4
    2389  4
    2390  4
    2391  6
    2392  3
    2393  2
    2394  4
    2395  4
    2396  5
    2397  4
    2398  4
    2399  4
    2400  4
    2401  4
    2402  6
    2403  4
    2404  4
    2405  4
    2406  3
    2407  4
    2408  4
    2409  6
    2410  4
    2411  5
    2412  4
    2413  4
    2414  4
    2415  3
    2416  4
    2417  5
    2418  5
    2419  5
    2420  2
    2421  4
    2422  4
    2423  4
    2424  3
    2425  3
    2426  4
    2427  3
    2428  4
    2429  4
    2430  5
    2431  6
    2432  4
    2433  3
    2434  4
    2435  4
    2436  4
    2437  4
    2438  5
    2439  4
    2440  8
    2441  5
    2442  6
    2443  6
    2444  4
    2445  4
    2446  4
    2447  4
    2448  4
    2449  4
    2450  4
    2451  4
    2452  4
    2453  5
    2454  5
    2455  5
    2456  4
    2457  4
    2458  5
    2459  4
    2460  4
    2461  2
    2462  4
    2463  4
    2464  5
    2465  5
    2466  4
    2467  4
    2468  4
    2469  4
    2470  4
    2471  3
    2472  5
    2473  5
    2474  4
    2475  4
    2476  4
    2477  4
    2478  4
    2479  3
    2480  3
    2481  4
    2482  5
    2483  6
    2484  3
    2485  4
    2486  4
    2487  4
    2488  3
    2489  4
    2490  5
    2491  3
    2492  4
    2493  4
    2494  3
    2495  5
    2496  7
    2497  5
    2498  6
    2499  4
    2500  4
    2501  6
    2502  4
    2503  5
    2504  5
    2505  4
    2506  5
    2507  6
    2508  4
    2509  6
    2510  5
    2511  5
    2512  3
    2513  4
    2514  5
    2515  4
    2516  4
    2517  5
    2518  5
    2519  6
    2520  6
    2521  5
    2522  5
    2523  5
    2524  3
    2525  3
    2526  4
    2527  3
    2528  4
    2529  4
    2530  2
    2531  5
    2532  4
    2533  3
    2534  5
    2535  8
    2536  7
    2537  6
    2538  4
    2539  5
    2540  4
    2541  4
    2542  4
    2543  3
    2544  4
    2545  5
    2546  4
    2547  4
    2548  4
    2549  4
    2550  5
    2551  5
    2552  3
    2553  4
    2554  6
    2555  5
    2556  4
    2557  4
    2558  4
    2559  4
    2560  4
    2561  3
    2562  4
    2563  4
    2564  4
    2565  6
    2566  5
    2567  4
    2568  4
    2569  4
    2570  6
    2571  5
    2572  5
    2573  4
    2574  6
    2575  6
    2576  4
    2577  3
    2578  4
    2579  3
    2580  4
    2581  6
    2582  4
    2583  4
    2584  3
    2585  4
    2586  4
    2587  4
    2588  7
    2589  6
    2590  4
    2591  5
    2592  4
    2593  4
    2594  4
    2595  6
    2596  8
    2597  5
    2598  5
    2599  4
    2600  5
    2601  5
    2602  4
    2603  4
    2604  5
    2605  4
    2606  4
    2607  5
    2608  4
    2609  2
    2610  4
    2611  3
    2612  3
    2613  4
    2614  4
    2615  4
    2616  4
    2617  4
    2618  6
    2619  6
    2620  6
    2621  7
    2622  4
    2623  6
    2624  4
    2625  4
    2626  4
    2627  3
    2628  3
    2629  4
    2630  2
    2631  4
    2632  4
    2633  2
    2634  4
    2635  8
    2636  4
    2637  6
    2638  4
    2639  3
    2640  4
    2641  4
    2642  4
    2643  3
    2644  3
    2645  4
    2646  5
    2647  3
    2648  3
    2649  5
    2650  5
    2651  4
    2652  4
    2653  6
    2654  5
    2655  4
    2656  4
    2657  6
    2658  6
    2659  4
    2660  5
    2661  7
    2662  4
    2663  5
    2664  5
    2665  5
    2666  4
    2667  5
    2668  4
    2669  4
    2670  5
    2671  4
    2672  2
    2673  4
    2674  6
    2675  4
    2676  6
    2677  4
    2678  4
    2679  4
    2680  3
    2681  4
    2682  6
    2683  5
    2684  6
    2685  4
    2686  4
    2687  5
    2688  4
    2689  4
    2690  3
    2691  4
    2692  3
    2693  4
    2694  3
    2695  6
    2696  4
    2697  4
    2698  7
    2699  6
    2700  4
    2701  6
    2702  3
    2703  4
    2704  4
    2705  4
    2706  7
    2707  4
    2708  4
    2709  2
    2710  5
    2711  4
    2712  4
    2713  4
    2714  6
    2715  5
    2716  4
    2717  5
    2718  4
    2719  4
    2720  4
    2721  4
    2722  4
    2723  4
    2724  4
    2725  5
    2726  4
    2727  7
    2728  5
    2729  4
    2730  7
    2731  5
    2732  5
    2733  5
    2734  6
    2735  5
    2736  4
    2737  4
    2738  4
    2739  6
    2740  4
    2741  6
    2742  4
    2743  5
    2744  6
    2745  3
    2746  6
    2747  6
    2748  5
    2749  4
    2750  4
    2751  5
    2752  6
    2753  5
    2754  4
    2755  4
    2756  3
    2757  4
    2758  3
    2759  3
    2760  4
    2761  4
    2762  6
    2763  6
    2764  4
    2765  6
    2766  4
    2767  3
    2768  4
    2769  6
    2770  4
    2771  6
    2772  5
    2773  6
    2774  5
    2775  6
    2776  6
    2777  4
    2778  6
    2779  4
    2780  5
    2781  6
    2782  4
    2783  3
    2784  6
    2785  4
    2786  5
    2787  5
    2788  4
    2789  4
    2790  6
    2791  4
    2792  5
    2793  5
    2794  6
    2795  5
    2796  5
    2797  5
    2798  4
    2799  4
    2800  5
    2801  7
    2802  7
    2803  2
    2804  4
    2805  4
    2806  4
    2807  4
    2808  4
    2809  4
    2810  6
    2811  5
    2812  4
    2813  5
    2814  5
    2815  4
    2816  4
    2817  4
    2818  5
    2819  6
    2820  4
    2821  4
    2822  4
    2823  4
    2824  4
    2825  5
    2826  4
    2827  3
    2828  4
    2829  4
    2830  4
    2831  4
    2832  2
    2833  3
    2834  5
    2835  4
    2836  4
    2837  6
    2838  4
    2839  3
    2840  2
    2841  4
    2842  4
    2843  4
    2844  4
    2845  3
    2846  4
    2847  5
    2848  4
    2849  4
    2850  5
    2851  5
    2852  4
    2853  4
    2854  6
    2855  4
    2856  4
    2857  4
    2858  3
    2859  4
    2860  4
    2861  3
    2862  4
    2863  3
    2864  3
    2865  3
    2866  5
    2867  4
    2868  4
    2869  5
    2870  4
    2871  3
    2872  4
    2873  3
    2874  4
    2875  3
    2876  4
    2877  4
    2878  6
    2879  4
    2880  4
    2881  4
    2882  5
    2883  6
    2884  5
    2885  6
    2886  4
    2887  4
    2888  4
    2889  8
    2890  5
    2891  5
    2892  8
    2893  6
    2894  4
    2895  4
    2896  5
    2897  3
    2898  4
    2899  3
    2900  4
    2901  4
    2902  4
    2903  5
    2904  4
    2905  5
    2906  3
    2907  4
    2908  4
    2909  4
    2910  6
    2911  4
    2912  4
    2913  5
    2914  4
    2915  4
    2916  6
    2917  3
    2918  6
    2919  5
    2920  4
    2921  4
    2922  3
    2923  6
    2924  4
    2925  4
    2926  4
    2927  4
    2928  4
    2929  5
    2930  5
    2931  6
    2932  5
    2933  6
    2934  4
    2935  3
    2936  5
    2937  4
    2938  5
    2939  6
    2940  8
    2941  6
    2942  4
    2943  8
    2944  4
    2945  4
    2946  6
    2947  2
    2948  4
    2949  5
    2950  4
    2951  5
    2952  8
    2953  6
    2954  4
    2955  4
    2956  6
    2957  3
    2958  2
    2959  4
    2960  4
    2961  4
    2962  4
    2963  6
    2964  4
    2965  5
    2966  4
    2967  5
    2968  4
    2969  3
    2970  4
    2971  4
    2972  5
    2973  4
    2974  4
    2975  4
    2976  4
    2977  6
    2978  4
    2979  5
    2980  4
    2981  6
    2982  4
    2983  6
    2984  4
    2985  4
    2986  5
    2987  4
    2988  5
    2989  4
    2990  4
    2991  3
    2992  4
    2993  5
    2994  6
    2995  5
    2996  4
    2997  2
    2998  2
    2999  4
    3000  4
    3001  4
    3002  4
    3003  3
    3004  7
    3005  4
    3006  4
    3007  6
    3008  8
    3009  5
    3010  5
    3011  4
    3012  4
    3013  4
    3014  4
    3015  4
    3016  4
    3017  3
    3018  4
    3019  4
    3020  5
    3021  4
    3022  6
    3023  4
    3024  4
    3025  4
    3026  4
    3027  6
    3028  6
    3029  4
    3030  4
    3031  4
    3032  6
    3033  6
    3034  4
    3035  4
    3036  5
    3037  4
    3038  4
    3039  4
    3040  4
    3041  4
    3042  6
    3043  5
    3044  5
    3045  5
    3046  4
    3047  5
    3048  4
    3049  5
    3050  4
    3051  6
    3052  5
    3053  4
    3054  8
    3055  4
    3056  6
    3057  6
    3058  4
    3059  4
    3060  4
    3061  4
    3062  4
    3063  4
    3064  3
    3065  5
    3066  2
    3067  4
    3068  2
    3069  4
    3070  5
    3071  4
    3072  3
    3073  4
    3074  5
    3075  4
    3076  4
    3077  4
    3078  5
    3079  4
    3080  4
    3081  5
    3082  4
    3083  4
    3084  4
    3085  4
    3086  4
    3087  4
    3088  3
    3089  3
    3090  4
    3091  4
    3092  3
    3093  4
    3094  5
    3095  5
    3096  4
    3097  5
    3098  2
    3099  4
    3100  3
    3101  4
    3102  4
    3103  5
    3104  2
    3105  4
    3106  8
    3107  5
    3108  6
    3109  6
    3110  7
    3111  7
    3112  4
    3113  4
    3114  6
    3115  4
    3116  6
    3117  6
    3118  4
    3119  4
    3120  6
    3121  4
    3122  4
    3123  4
    3124  6
    3125  6
    3126  4
    3127  4
    3128  4
    3129  4
    3130  5
    3131  4
    3132  5
    3133  4
    3134  5
    3135  4
    3136  6
    3137  4
    3138  5
    3139  4
    3140  4
    3141  5
    3142  4
    3143  4
    3144  6
    3145  5
    3146  4
    3147  4
    3148  5
    3149  4
    3150  4
    3151  5
    3152  4
    3153  4
    3154  5
    3155  5
    3156  3
    3157  4
    3158  4
    3159  4
    3160  4
    3161  5
    3162  4
    3163  4
    3164  4
    3165  3
    3166  4
    3167  5
    3168  5
    3169  4
    3170  4
    3171  5
    3172  4
    3173  4
    3174  5
    3175  6
    3176  6
    3177  4
    3178  4
    3179  4
    3180  5
    3181  5
    3182  4
    3183  5
    3184  4
    3185  4
    3186  4
    3187  5
    3188  5
    3189  5
    3190  4
    3191  4
    3192  4
    3193  5
    3194  4
    3195  5
    3196  5
    3197  3
    3198  4
    3199  5
    3200  6
    3201  6
    3202  4
    3203  3
    3204  4
    3205  4
    3206  4
    3207  4
    3208  3
    3209  4
    3210  4
    3211  5
    3212  3
    3213  4
    3214  4
    3215  4
    3216  4
    3217  4
    3218  4
    3219  4
    3220  4
    3221  4
    3222  7
    3223  5
    3224  4
    3225  5
    3226  4
    3227  4
    3228  4
    3229  4
    3230  4
    3231  4
    3232  4
    3233  4
    3234  5
    3235  4
    3236  5
    3237  5
    3238  3
    3239  4
    3240  4
    3241  4
    3242  5
    3243  4
    3244  5
    3245  5
    3246  8
    3247  5
    3248  5
    3249  5
    3250  4
    3251  4
    3252  4
    3253  4
    3254  4
    3255  4
    3256  3
    3257  4
    3258  4
    3259  4
    3260  4
    3261  5
    3262  4
    3263  4
    3264  3
    3265  4
    3266  4
    3267  5
    3268  4
    3269  7
    3270  5
    3271  6
    3272  5
    3273  4
    3274  4
    3275  4
    3276  5
    3277  6
    3278  6
    3279  4
    3280  6
    3281  4
    3282  4
    3283  4
    3284  4
    3285  4
    3286  4
    3287  5
    3288  6
    3289  3
    3290  4
    3291  4
    3292  4
    3293  4
    3294  4
    3295  4
    3296  3
    3297  4
    3298  4
    3299  5
    3300  4
    3301  2
    3302  4
    3303  5
    3304  6
    3305  4
    3306  4
    3307  4
    3308  4
    3309  4
    3310  4
    3311  4
    3312  3
    3313  4
    3314  8
    3315  5
    3316  4
    3317  8
    3318  8
    3319  6
    3320  4
    3321  4
    3322  3
    3323  4
    3324  4
    3325  3
    3326  6
    3327  8
    3328  5
    3329  4
    3330  4
    3331  8
    3332  4
    3333  5
    3334  7
    3335  4
    3336  6
    3337  4
    3338  4
    3339  5
    3340  4
    3341  4
    3342  5
    3343  4
    3344  6
    3345  6
    3346  8
    3347  8
    3348  4
    3349  4
    3350  5
    3351  4
    3352  5
    3353  7
    3354  4
    3355  3
    3356  4
    3357  4
    3358  6
    3359  4
    3360  4
    3361  5
    3362  5
    3363  4
    3364  4
    3365  5
    3366  4
    3367  4
    3368  4
    3369  4
    3370  4
    3371  5
    3372  4
    3373  4
    3374  4
    3375  6
    3376  4
    3377  5
    3378  4
    3379  4
    3380  3
    3381  3
    3382  5
    3383  5
    3384  2
    3385  4
    3386  4
    3387  4
    3388  4
    3389  4
    3390  4
    3391  3
    3392  5
    3393  5
    3394  4
    3395  6
    3396  4
    3397  4
    3398  6
    3399  4
    3400  4
    3401  6
    3402  5
    3403  5
    3404  6
    3405  6
    3406  6
    3407  7
    3408  4
    3409  5
    3410  4
    3411  4
    3412  4
    3413  6
    3414  6
    3415  5
    3416  6
    3417  7
    3418  6
    3419  6
    3420  6
    3421  6
    3422  6
    3423  6
    3424  4
    3425  4
    3426  5
    3427  5
    3428  4
    3429  4
    3430  4
    3431  5
    3432  4
    3433  4
    3434  4
    3435  5
    3436  2
    3437  4
    3438  4
    3439  2
    3440  5
    3441  4
    3442  5
    3443  4
    3444  4
    3445  6
    3446  4
    3447  4
    3448  5
    3449  2
    3450  4
    3451  4
    3452  2
    3453  5
    3454  4
    3455  4
    3456  4
    3457  4
    3458  6
    3459  4
    3460  6
    3461  2
    3462  4
    3463  4
    3464  6
    3465  3
    3466  5
    3467  6
    3468  8
    3469  8
    3470  4
    3471  8
    3472  6
    3473  4
    3474  4
    3475  4
    3476  5
    3477  4
    3478  4
    3479  4
    3480  7
    3481  5
    3482  4
    3483  5
    3484  6
    3485  4
    3486  5
    3487  4
    3488  5
    3489  6
    3490  4
    3491  4
    3492  4
    3493  5
    3494  4
    3495  5
    3496  4
    3497  4
    3498  3
    3499  3
    3500  4
    3501  4
    3502  6
    3503  5
    3504  4
    3505  4
    3506  5
    3507  2
    3508  6
    3509  8
    3510  5
    3511  4
    3512  6
    3513  6
    3514  4
    3515  6
    3516  7
    3517  5
    3518  5
    3519  4
    3520  5
    3521  4
    3522  5
    3523  4
    3524  4
    3525  5
    3526  3
    3527  4
    3528  4
    3529  3
    3530  3
    3531  4
    3532  4
    3533  4
    3534  6
    3535  4
    3536  4
    3537  6
    3538  5
    3539  5
    3540  4
    3541  4
    3542  5
    3543  6
    3544  3
    3545  4
    3546  4
    3547  4
    3548  4
    3549  3
    3550  4
    3551  3
    3552  4
    3553  4
    3554  5
    3555  4
    3556  6
    3557  4
    3558  4
    3559  4
    3560  4
    3561  4
    3562  3
    3563  5
    3564  4
    3565  4
    3566  6
    3567  4
    3568  4
    3569  7
    3570  4
    3571  4
    3572  3
    3573  4
    3574  6
    3575  8
    3576  5
    3577  4
    3578  4
    3579  4
    3580  4
    3581  6
    3582  5
    3583  4
    3584  4
    3585  4
